5567
1121 46691
344 48798
671 52618
2715 55097
3750 55324
4826 55474
4220 55650
2854 55659
1157 55660
984 55662
2475 55663
3416 55667
101 55670
3346 55670
2927 55670
3760 55670
4709 55670
2896 55670
3124 55670
270 55670
511 55670
1557 55670
4344 55670
494 55670
2764 55670
4772 55670
2681 55670
2881 55670
2016 55670
2060 55670
1165 55670
1158 55670
5394 55670
1158 55670
1832 55670
5295 55670
955 55670
2543 55670
1166 55670
702 55670
3288 55670
1336 55670
261 55670
4220 55670
2611 55670
4955 55670
2004 55670
5120 55670
70 55670
252 55670
5440 55670
5282 55670
4565 55670
1597 55670
765 55670
1828 55670
5507 55670
2188 55670
2851 55670
212 55670
2592 55670
1404 55670
1183 55670
4160 55670
2705 55670
889 55670
4389 55670
2179 55670
597 55670
1285 55670
1544 55670
885 55670
4011 55670
4986 55670
4951 55670
4490 55670
268 55670
1002 55670
2321 55670
3740 55670
1741 55670
810 55670
704 55670
1685 55670
4498 55670
1435 55670
3817 55670
5260 55670
3127 55670
1289 55670
5347 55670
4485 55670
3839 55670
271 55670
552 55670
1090 55670
4110 55670
591 55670
4887 55670
1584 55670
715 55670
2027 55670
3073 55670
2262 55670
1869 55670
3142 55670
1496 55670
4997 55670
752 55670
3663 55670
1446 55670
1332 55670
1083 55670
273 55670
5235 55670
5258 55670
346 55670
385 55670
4475 55670
1786 55670
3932 55670
160 55670
2457 55670
5194 55670
4856 55670
4512 55670
3512 55670
1761 55670
3236 55670
468 55670
4927 55670
4323 55670
2914 55670
4163 55670
5089 55670
3636 55670
3044 55670
1048 55670
3385 55670
3141 55670
5002 55670
4446 55670
1135 55670
3013 55670
3710 55670
2744 55670
4677 55670
3813 55670
1678 55670
4882 55670
525 55670
123 55670
1179 55670
3500 55670
2884 55670
2707 55670
1933 55670
736 55670
998 55670
5173 55670
4964 55670
3248 55670
4888 55670
1567 55670
4940 55670
972 55670
1567 55670
3464 55670
5567 55670
2779 55670
3508 55670
673 55670
278 55670
677 55670
2892 55670
415 55670
3670 55670
5135 55670
627 55670
5027 55670
5317 55670
5462 55670
4827 55670
5100 55670
2489 55670
3181 55670
5533 55670
3606 55670
733 55670
4821 55670
35 55670
1383 55670
4369 55670
2166 55670
5386 55670
4993 55670
3094 55670
1923 55670
413 55670
4916 55670
3767 55670
1067 55670
1854 55670
5013 55670
4425 55670
3945 55670
1671 55670
3635 55670
1748 55670
3203 55670
2897 55670
5475 55670
2987 55670
513 55670
3286 55670
1772 55670
3428 55670
3991 55670
2981 55670
35 55670
5438 55670
1769 55670
2513 55670
3052 55670
1108 55670
1297 55670
1050 55670
5467 55670
771 55670
5171 55670
3575 55670
1012 55670
1949 55670
4452 55670
606 55670
4503 55670
3937 55670
3056 55670
1578 55670
2878 55670
4529 55670
2162 55670
850 55670
1783 55670
2472 55670
1147 55670
497 55670
5216 55670
4895 55670
5109 55670
755 55670
1449 55670
3522 55670
3308 55670
2780 55670
5521 55670
264 55670
2791 55670
4175 55670
3772 55670
3695 55670
4860 55670
1509 55670
4371 55670
3041 55670
1808 55670
3428 55670
3957 55670
5496 55670
4218 55670
3354 55670
3223 55670
4021 55670
201 55670
5020 55670
1442 55670
3323 55670
5074 55670
5241 55670
1138 55670
5525 55670
1980 55670
3937 55670
240 55670
5369 55670
5347 55670
796 55670
2243 55670
3449 55670
5179 55670
848 55670
1519 55670
1786 55670
1169 55670
4902 55670
1909 55670
2987 55670
3716 55670
5296 55670
693 55670
3883 55670
3723 55670
4514 55670
1662 55670
576 55670
767 55670
2325 55670
3328 55670
1046 55670
3305 55670
2274 55670
710 55670
2308 55670
2088 55670
3852 55670
4868 55670
4292 55670
1278 55670
4459 55670
3368 55670
1948 55670
890 55670
1890 55670
551 55670
4185 55670
1050 55670
4539 55670
3887 55670
3921 55670
1051 55670
4226 55670
2108 55670
4413 55670
1659 55670
1797 55670
508 55670
4631 55670
185 55670
3350 55670
3888 55670
62 55670
594 55670
1130 55670
3616 55670
2623 55670
2726 55670
2753 55670
1967 55670
388 55670
375 55670
820 55670
3663 55670
14 55670
4139 55670
55 55670
803 55670
1830 55670
2452 55670
3612 55670
3480 55670
638 55670
5250 55670
3207 55670
3763 55670
746 55670
3513 55670
2754 55670
2486 55670
928 55670
4906 55670
3517 55670
2136 55670
4839 55670
3776 55670
559 55670
4588 55670
3364 55670
58 55670
1391 55670
2333 55670
126 55670
4739 55670
2926 55670
1118 55670
2715 55670
306 55670
3899 55670
3745 55670
4764 55670
4828 55670
4679 55670
5293 55670
288 55670
3478 55670
4642 55670
1550 55670
3825 55670
3117 55670
2378 55670
5035 55670
162 55670
3491 55670
5516 55670
439 55670
4659 55670
3243 55670
3547 55670
678 55670
487 55670
984 55670
2134 55670
2063 55670
989 55670
1573 55670
4885 55670
3930 55670
1851 55670
4579 55670
4560 55670
1984 55670
2451 55670
1854 55670
2626 55670
5303 55670
4422 55670
408 55670
987 55670
4682 55670
3121 55670
814 55670
2766 55670
2956 55670
4332 55670
4151 55670
4719 55670
4712 55670
3528 55670
3072 55670
4568 55670
1434 55670
4565 55670
5448 55670
2047 55670
5262 55670
2985 55670
3077 55670
2987 55670
2534 55670
168 55670
547 55670
4987 55670
1960 55670
1728 55670
1270 55670
3310 55670
5188 55670
2280 55670
2290 55670
1799 55670
4965 55670
228 55670
2701 55670
2939 55670
2701 55670
4087 55670
160 55670
674 55670
4190 55670
4886 55670
864 55670
3633 55670
4934 55670
3287 55670
2408 55670
4680 55670
2036 55670
2015 55670
290 55670
2139 55670
227 55670
3972 55670
5203 55670
241 55670
4781 55670
4755 55670
3226 55670
3863 55670
902 55670
5288 55670
4403 55670
585 55670
4778 55670
3343 55670
5287 55670
225 55670
1611 55670
1371 55670
4313 55670
2807 55670
2209 55670
1339 55670
2550 55670
196 55670
4520 55670
4495 55670
2051 55670
1962 55670
5414 55670
4064 55670
3993 55670
551 55670
3956 55670
4585 55670
1268 55670
1700 55670
4856 55670
3343 55670
3711 55670
761 55670
1189 55670
1490 55670
2504 55670
5539 55670
4227 55670
5219 55670
491 55670
424 55670
2123 55670
2620 55670
39 55670
4602 55670
2828 55670
2205 55670
1387 55670
4673 55670
2653 55670
1286 55670
1782 55670
5242 55670
5291 55670
4132 55670
2831 55670
132 55670
2771 55670
3815 55670
277 55670
5440 55670
698 55670
5115 55670
5041 55670
2394 55670
2551 55670
2754 55670
4935 55670
244 55670
2793 55670
344 55670
4403 55670
481 55670
2001 55670
4415 55670
4880 55670
3117 55670
4099 55670
5396 55670
4620 55670
3435 55670
334 55670
3670 55670
4088 55670
5398 55670
457 55670
4671 55670
1688 55670
4201 55670
1616 55670
3700 55670
2807 55670
1977 55670
1649 55670
4910 55670
1763 55670
39 55670
2173 55670
2837 55670
2054 55670
5308 55670
577 55670
2841 55670
5034 55670
3687 55670
2257 55670
3049 55670
3068 55670
834 55670
37 55670
889 55670
1728 55670
4935 55670
4635 55670
2328 55670
342 55670
2406 55670
4214 55670
917 55670
1152 55670
234 55670
855 55670
640 55670
1514 55670
1846 55670
423 55670
1086 55670
3662 55670
3785 55670
1431 55670
2625 55670
348 55670
426 55670
4708 55670
1450 55670
378 55670
4738 55670
2701 55670
625 55670
57 55670
3500 55670
2941 55670
365 55670
3812 55670
4802 55670
166 55670
1447 55670
1321 55670
547 55670
3213 55670
4055 55670
1414 55670
293 55670
4074 55670
3800 55670
4427 55670
4610 55670
1789 55670
570 55670
2331 55670
5275 55670
1663 55670
746 55670
761 55670
4483 55670
4326 55670
3035 55670
3931 55670
5325 55670
5283 55670
4304 55670
760 55670
3677 55670
3791 55670
3620 55670
1786 55670
787 55670
5519 55670
1902 55670
3862 55670
156 55670
1523 55670
3830 55670
1989 55670
59 55670
2615 55670
1318 55670
5443 55670
1394 55670
4712 55670
5260 55670
508 55670
5416 55670
5313 55670
4473 55670
303 55670
1698 55670
3290 55670
5013 55670
2322 55670
2454 55670
4905 55670
479 55670
1972 55670
1655 55670
4621 55670
5348 55670
1825 55670
3323 55670
4682 55670
648 55670
2329 55670
4544 55670
1079 55670
3065 55670
2268 55670
2769 55670
2496 55670
1858 55670
591 55670
16 55670
2594 55670
2509 55670
2728 55670
1459 55670
3531 55670
4561 55670
5489 55670
3646 55670
2997 55670
2136 55670
2132 55670
4606 55670
3622 55670
3526 55670
5446 55670
1593 55670
4376 55670
4625 55670
2100 55670
4416 55670
3660 55670
3658 55670
4681 55670
52 55670
614 55670
5110 55670
2562 55670
2843 55670
515 55670
2565 55670
3117 55670
3903 55670
2690 55670
1196 55670
4514 55670
2588 55670
1188 55670
4961 55670
2414 55670
147 55670
4935 55670
4547 55670
4876 55670
282 55670
3663 55670
4558 55670
4738 55670
873 55670
1325 55670
2120 55670
3151 55670
3916 55670
3122 55670
2375 55670
490 55670
1770 55670
3248 55670
2826 55670
3611 55670
3418 55670
1424 55670
3956 55670
3036 55670
1228 55670
2368 55670
2367 55670
3526 55670
2024 55670
5062 55670
2087 55670
126 55670
881 55670
77 55670
1401 55670
4548 55670
864 55670
2697 55670
5339 55670
4080 55670
2261 55670
5384 55670
4133 55670
4116 55670
5461 55670
459 55670
1331 55670
1308 55670
1694 55670
349 55670
543 55670
3384 55670
4074 55670
658 55670
3981 55670
2579 55670
3353 55670
773 55670
1209 55670
1283 55670
668 55670
818 55670
61 55670
4208 55670
4548 55670
320 55670
2659 55670
4231 55670
4215 55670
2745 55670
1795 55670
4342 55670
3189 55670
2537 55670
2171 55670
5500 55670
3296 55670
2571 55670
3914 55670
3885 55670
4541 55670
152 55670
2339 55670
532 55670
3703 55670
4653 55670
767 55670
549 55670
710 55670
522 55670
2376 55670
1190 55670
4506 55670
2234 55670
3746 55670
3481 55670
4754 55670
2087 55670
183 55670
1286 55670
3630 55670
2590 55670
1534 55670
3823 55670
1694 55670
594 55670
2533 55670
5211 55670
4318 55670
5362 55670
2428 55670
2950 55670
2379 55670
1914 55670
5390 55670
5221 55670
1306 55670
3319 55670
3116 55670
553 55670
351 55670
4350 55670
3968 55670
5394 55670
3606 55670
2949 55670
632 55670
856 55670
839 55670
1043 55670
401 55670
1848 55670
674 55670
16 55670
4476 55670
4070 55670
5016 55670
3182 55670
2316 55670
1605 55670
364 55670
5163 55670
2620 55670
2781 55670
3219 55670
1854 55670
2255 55670
4099 55670
4338 55670
5492 55670
2417 55670
242 55670
2317 55670
3017 55670
1902 55670
458 55670
1343 55670
2035 55670
3806 55670
2891 55670
807 55670
548 55670
3916 55670
1460 55670
3193 55670
3669 55670
849 55670
5211 55670
2804 55670
1005 55670
2753 55670
2441 55670
2554 55670
3529 55670
3723 55670
5552 55670
1068 55670
5325 55670
5179 55670
3142 55670
1376 55670
3885 55670
3927 55670
861 55670
4963 55670
1339 55670
1063 55670
3979 55670
423 55670
2143 55670
1568 55670
843 55670
2660 55670
3090 55670
593 55670
3849 55670
681 55670
1928 55670
1166 55670
3505 55670
2389 55670
445 55670
791 55670
2538 55670
5138 55670
3094 55670
1241 55670
1509 55670
3312 55670
1642 55670
734 55670
3607 55670
5392 55670
3757 55670
492 55670
4854 55670
4273 55670
1803 55670
5193 55670
708 55670
3453 55670
334 55670
3210 55670
761 55670
4175 55670
2593 55670
61 55670
1794 55670
3902 55670
4178 55670
4979 55670
5009 55670
1970 55670
915 55670
3319 55670
4094 55670
896 55670
3633 55670
1740 55670
530 55670
4531 55670
727 55670
1489 55670
4476 55670
238 55670
1952 55670
5325 55670
1069 55670
3675 55670
3322 55670
4644 55670
367 55670
1746 55670
5115 55670
561 55670
4871 55670
934 55670
1851 55670
285 55670
5549 55670
4884 55670
170 55670
1062 55670
4104 55670
957 55670
1634 55670
4745 55670
3308 55670
1471 55670
5447 55670
3971 55670
2594 55670
2515 55670
5062 55670
2939 55670
1056 55670
4712 55670
2368 55670
3502 55670
413 55670
498 55670
2227 55670
1782 55670
1638 55670
3860 55670
755 55670
1739 55670
1600 55670
5528 55670
2524 55670
3873 55670
626 55670
2540 55670
4261 55670
1633 55670
2668 55670
1152 55670
2844 55670
2596 55670
1657 55670
3734 55670
887 55670
192 55670
5196 55670
4619 55670
4090 55670
164 55670
3676 55670
3180 55670
4216 55670
4777 55670
2414 55670
3946 55670
4334 55670
4171 55670
2902 55670
2834 55670
3280 55670
1746 55670
4215 55670
5060 55670
1456 55670
2925 55670
1133 55670
5235 55670
821 55670
4401 55670
2541 55670
659 55670
2528 55670
1730 55670
2637 55670
1386 55670
3059 55670
4296 55670
1663 55670
5482 55670
4482 55670
417 55670
4415 55670
3131 55670
2263 55670
3940 55670
215 55670
1582 55670
1596 55670
340 55670
3345 55670
3356 55670
327 55670
278 55670
3607 55670
2842 55670
767 55670
3606 55670
1077 55670
320 55670
4172 55670
1350 55670
3289 55670
4864 55670
1714 55670
4588 55670
4663 55670
327 55670
2195 55670
2449 55670
4099 55670
3793 55670
2980 55670
2214 55670
4039 55670
602 55670
4527 55670
4765 55670
2619 55670
4868 55670
3696 55670
3823 55670
1735 55670
987 55670
225 55670
5201 55670
3157 55670
1356 55670
2992 55670
96 55670
1573 55670
1843 55670
385 55670
516 55670
2837 55670
5070 55670
4742 55670
4795 55670
2947 55670
309 55670
1385 55670
2966 55670
1103 55670
2846 55670
1098 55670
1029 55670
4677 55670
938 55670
1647 55670
3535 55670
4571 55670
919 55670
5138 55670
3428 55670
1399 55670
1159 55670
1413 55670
1756 55670
3917 55670
2080 55670
3014 55670
5419 55670
3715 55670
392 55670
5544 55670
5315 55670
2435 55670
3763 55670
1851 55670
2257 55670
830 55670
464 55670
3011 55670
228 55670
2292 55670
4109 55670
3152 55670
2900 55670
221 55670
5435 55670
4952 55670
2480 55670
1320 55670
4863 55670
3337 55670
852 55670
440 55670
4144 55670
4574 55670
282 55670
4415 55670
2075 55670
3822 55670
4336 55670
433 55670
1976 55670
1554 55670
2675 55670
602 55670
3779 55670
4562 55670
3577 55670
1418 55670
3922 55670
4260 55670
2760 55670
4065 55670
577 55670
5279 55670
1833 55670
3548 55670
1000 55670
432 55670
3446 55670
1116 55670
443 55670
4023 55670
582 55670
1644 55670
4638 55670
3139 55670
4482 55670
2136 55670
4994 55670
2139 55670
3030 55670
2803 55670
692 55670
3175 55670
3041 55670
3530 55670
3175 55670
2974 55670
2897 55670
2692 55670
2689 55670
1533 55670
2938 55670
4396 55670
3252 55670
4662 55670
2126 55670
2479 55670
3905 55670
4690 55670
3150 55670
2597 55670
108 55670
4513 55670
2356 55670
2707 55670
5203 55670
2118 55670
3379 55670
409 55670
2953 55670
5080 55670
2438 55670
63 55670
3115 55670
5456 55670
2875 55670
4757 55670
3527 55670
1458 55670
3074 55670
831 55670
3875 55670
4058 55670
4934 55670
3788 55670
1705 55670
2868 55670
3026 55670
389 55670
3154 55670
2308 55670
497 55670
2218 55670
670 55670
2075 55670
3311 55670
1925 55670
3589 55670
4343 55670
2616 55670
3009 55670
295 55670
3934 55670
4278 55670
2667 55670
2334 55670
3363 55670
5246 55670
4589 55670
1425 55670
1827 55670
1737 55670
1825 55670
1901 55670
2713 55670
898 55670
4308 55670
1502 55670
3286 55670
4731 55670
3114 55670
830 55670
5366 55670
1961 55670
856 55670
3219 55670
3592 55670
1905 55670
4712 55670
3751 55670
3793 55670
786 55670
1311 55670
679 55670
3537 55670
2716 55670
2378 55670
5294 55670
1789 55670
996 55670
2808 55670
797 55670
1337 55670
3983 55670
5281 55670
1113 55670
2285 55670
3775 55670
1920 55670
359 55670
2032 55670
4274 55670
4355 55670
4321 55670
3423 55670
4258 55670
5001 55670
4798 55670
3227 55670
2289 55670
4154 55670
4181 55670
3034 55670
5505 55670
2314 55670
313 55670
2145 55670
4225 55670
755 55670
2546 55670
462 55670
2576 55670
4026 55670
1703 55670
492 55670
2360 55670
2864 55670
988 55670
4400 55670
755 55670
5564 55670
3226 55670
3389 55670
809 55670
2597 55670
3792 55670
4590 55670
689 55670
3645 55670
204 55670
1855 55670
4253 55670
4574 55670
2784 55670
1637 55670
4552 55670
2342 55670
1510 55670
1830 55670
5345 55670
3407 55670
5220 55670
2104 55670
948 55670
3772 55670
5356 55670
4752 55670
4776 55670
4753 55670
1598 55670
3267 55670
3494 55670
3831 55670
3506 55670
5056 55670
2255 55670
4587 55670
3060 55670
3287 55670
4608 55670
630 55670
4852 55670
606 55670
1308 55670
3789 55670
3915 55670
4526 55670
4831 55670
4579 55670
3921 55670
3788 55670
2434 55670
3553 55670
1666 55670
2707 55670
499 55670
5102 55670
886 55670
1580 55670
5497 55670
570 55670
4591 55670
1157 55670
3355 55670
2094 55670
5274 55670
3354 55670
857 55670
840 55670
348 55670
964 55670
1315 55670
3932 55670
3940 55670
5431 55670
3047 55670
3184 55670
3263 55670
1395 55670
2244 55670
494 55670
4841 55670
5128 55670
2923 55670
3691 55670
3945 55670
1851 55670
2887 55670
2930 55670
3462 55670
2863 55670
962 55670
4050 55670
4819 55670
747 55670
4405 55670
4483 55670
559 55670
4847 55670
2178 55670
2222 55670
3095 55670
4589 55670
5327 55670
4975 55670
216 55670
1898 55670
2748 55670
874 55670
1297 55670
4532 55670
3898 55670
4850 55670
5225 55670
3409 55670
2570 55670
1165 55670
1872 55670
3813 55670
5439 55670
2587 55670
3225 55670
4568 55670
337 55670
3443 55670
4796 55670
2805 55670
3590 55670
5318 55670
3952 55670
3857 55670
959 55670
4354 55670
2942 55670
2196 55670
3555 55670
637 55670
4738 55670
4920 55670
5077 55670
4442 55670
675 55670
5166 55670
1502 55670
719 55670
245 55670
1878 55670
1765 55670
1768 55670
4302 55670
5256 55670
4216 55670
4539 55670
5528 55670
629 55670
2159 55670
4813 55670
2221 55670
4832 55670
1496 55670
4646 55670
2295 55670
3981 55670
2659 55670
4237 55670
2918 55670
4720 55670
4249 55670
4953 55670
5319 55670
2453 55670
556 55670
2478 55670
3845 55670
931 55670
2764 55670
2552 55670
4269 55670
4589 55670
5488 55670
3792 55670
4919 55670
4404 55670
4371 55670
1017 55670
4842 55670
1503 55670
5167 55670
342 55670
1194 55670
4255 55670
4585 55670
4487 55670
3243 55670
117 55670
4501 55670
433 55670
4588 55670
2924 55670
1833 55670
5249 55670
1841 55670
1976 55670
2900 55670
355 55670
1325 55670
218 55670
3584 55670
2402 55670
380 55670
2157 55670
4162 55670
901 55670
2898 55670
4309 55670
5499 55670
3573 55670
2909 55670
948 55670
33 55670
2069 55670
3648 55670
2738 55670
1423 55670
3962 55670
2091 55670
4419 55670
876 55670
1603 55670
4615 55670
672 55670
2069 55670
4054 55670
1960 55670
2954 55670
1776 55670
1085 55670
5044 55670
2558 55670
1131 55670
3741 55670
4806 55670
4944 55670
3382 55670
1623 55670
1322 55670
4711 55670
2009 55670
536 55670
367 55670
3695 55670
3982 55670
5300 55670
4074 55670
2094 55670
4281 55670
3896 55670
594 55670
4672 55670
1987 55670
4140 55670
4059 55670
2170 55670
912 55670
2203 55670
1665 55670
1156 55670
581 55670
3537 55670
1954 55670
5329 55670
1368 55670
5225 55670
2401 55670
3672 55670
2791 55670
5430 55670
3262 55670
5084 55670
208 55670
3187 55670
5351 55670
1951 55670
703 55670
3793 55670
1022 55670
1058 55670
2683 55670
2086 55670
2779 55670
1638 55670
3472 55670
4586 55670
4571 55670
810 55670
3556 55670
1083 55670
3811 55670
2479 55670
3992 55670
2640 55670
1994 55670
5137 55670
2148 55670
1928 55670
619 55670
2664 55670
2802 55670
727 55670
1256 55670
4319 55670
1005 55670
1358 55670
603 55670
4799 55670
4540 55670
1775 55670
3303 55670
3378 55670
1774 55670
2545 55670
1040 55670
1954 55670
4625 55670
1117 55670
5256 55670
2860 55670
5270 55670
979 55670
222 55670
2635 55670
5383 55670
3462 55670
4528 55670
4040 55670
2050 55670
863 55670
657 55670
2401 55670
968 55670
3330 55670
1121 55670
2387 55670
310 55670
4431 55670
4613 55670
3027 55670
4681 55670
3018 55670
969 55670
2112 55670
242 55670
1578 55670
1261 55670
3914 55670
702 55670
3923 55670
1072 55670
381 55670
5146 55670
5215 55670
1780 55670
4091 55670
2371 55670
7 55670
4069 55670
1828 55670
2827 55670
2943 55670
590 55670
4051 55670
4004 55670
3113 55670
885 55670
4193 55670
473 55670
2390 55670
1986 55670
1921 55670
190 55670
5430 55670
4044 55670
737 55670
566 55670
861 55670
2705 55670
2446 55670
5054 55670
649 55670
1220 55670
4136 55670
4153 55670
4984 55670
2911 55670
2663 55670
3263 55670
5094 55670
5254 55670
4080 55670
3943 55670
1407 55670
5323 55670
5523 55670
1578 55670
2915 55670
917 55670
4490 55670
1217 55670
3376 55670
2978 55670
4962 55670
731 55670
3450 55670
2488 55670
3972 55670
4637 55670
2981 55670
1398 55670
1370 55670
1276 55670
205 55670
4543 55670
4997 55670
4071 55670
2054 55670
1011 55670
2153 55670
369 55670
3197 55670
5299 55670
4757 55670
4714 55670
4233 55670
2842 55670
1255 55670
3094 55670
1781 55670
1625 55670
5563 55670
5054 55670
1609 55670
1233 55670
3278 55670
4835 55670
5496 55670
244 55670
2142 55670
4591 55670
973 55670
5184 55670
4756 55670
4724 55670
2515 55670
3219 55670
4212 55670
31 55670
938 55670
5052 55670
3902 55670
2858 55670
2093 55670
3987 55670
3529 55670
3816 55670
346 55670
4463 55670
3877 55670
3806 55670
2136 55670
4373 55670
1898 55670
4335 55670
1137 55670
2522 55670
1346 55670
1037 55670
3951 55670
3144 55670
201 55670
4149 55670
2559 55670
3382 55670
4399 55670
2731 55670
4116 55670
5050 55670
1410 55670
2056 55670
845 55670
3055 55670
2124 55670
3364 55670
4585 55670
154 55670
3370 55670
802 55670
5082 55670
4531 55670
1276 55670
352 55670
965 55670
1309 55670
2427 55670
3694 55670
2373 55670
5460 55670
3008 55670
474 55670
2970 55670
2282 55670
4929 55670
4435 55670
2739 55670
3827 55670
2828 55670
1573 55670
5052 55670
4941 55670
3980 55670
5181 55670
4249 55670
752 55670
3801 55670
4753 55670
5155 55670
5278 55670
23 55670
4430 55670
5279 55670
4510 55670
4603 55670
5107 55670
4435 55670
3733 55670
5283 55670
1368 55670
588 55670
4428 55670
4383 55670
4365 55670
552 55670
3957 55670
389 55670
1070 55670
979 55670
3678 55670
1566 55670
5140 55670
5433 55670
1015 55670
4387 55670
1281 55670
5540 55670
2569 55670
1489 55670
493 55670
3177 55670
350 55670
2739 55670
1401 55670
2470 55670
2506 55670
2728 55670
2203 55670
856 55670
5476 55670
1071 55670
121 55670
4632 55670
869 55670
1791 55670
3633 55670
1281 55670
701 55670
873 55670
944 55670
1612 55670
1810 55670
999 55670
2403 55670
2702 55670
4832 55670
4539 55670
3590 55670
5376 55670
5195 55670
1291 55670
2039 55670
4978 55670
5365 55670
4840 55670
3625 55670
5228 55670
694 55670
2655 55670
2513 55670
3142 55670
2335 55670
4464 55670
3452 55670
2551 55670
4647 55670
4075 55670
1883 55670
3856 55670
1503 55670
3459 55670
5050 55670
467 55670
3779 55670
1007 55670
3948 55670
237 55670
1733 55670
1072 55670
2180 55670
432 55670
2934 55670
2376 55670
2423 55670
1968 55670
4831 55670
4524 55670
2978 55670
2225 55670
279 55670
5216 55670
5116 55670
2677 55670
3359 55670
4201 55670
2841 55670
1230 55670
1306 55670
494 55670
5309 55670
3124 55670
2320 55670
1054 55670
4806 55670
1958 55670
4246 55670
1479 55670
2529 55670
2810 55670
3374 55670
291 55670
1546 55670
4156 55670
598 55670
4314 55670
4846 55670
3685 55670
1687 55670
2367 55670
186 55670
3745 55670
3665 55670
3696 55670
4850 55670
4248 55670
3420 55670
1039 55670
1531 55670
5552 55670
2013 55670
1241 55670
3904 55670
3928 55670
1832 55670
4251 55670
2786 55670
1919 55670
5387 55670
4811 55670
2024 55670
5062 55670
198 55670
2576 55670
3463 55670
4894 55670
4594 55670
2238 55670
5492 55670
3992 55670
1324 55670
4812 55670
2838 55670
2727 55670
2249 55670
5063 55670
5460 55670
5186 55670
2825 55670
5121 55670
2490 55670
3931 55670
2750 55670
5484 55670
4501 55670
5469 55670
4318 55670
5404 55670
4650 55670
1982 55670
4532 55670
1074 55670
3769 55670
5554 55670
622 55670
2785 55670
1723 55670
2362 55670
2788 55670
2618 55670
3922 55670
5281 55670
2703 55670
1996 55670
5416 55670
4155 55670
3189 55670
4277 55670
1392 55670
3455 55670
1538 55670
5123 55670
5123 55670
5469 55670
1931 55670
1801 55670
2774 55670
3995 55670
4367 55670
469 55670
5439 55670
765 55670
5324 55670
5489 55670
1472 55670
897 55670
5087 55670
4005 55670
3408 55670
2457 55670
4161 55670
1094 55670
3507 55670
50 55670
3247 55670
4257 55670
2878 55670
3915 55670
5533 55670
1517 55670
2684 55670
4446 55670
601 55670
2316 55670
2261 55670
1514 55670
4501 55670
3259 55670
5430 55670
2482 55670
4865 55670
1700 55670
1664 55670
2544 55670
4921 55670
802 55670
4209 55670
5278 55670
3601 55670
985 55670
7 55670
4450 55670
576 55670
4683 55670
4224 55670
2323 55670
3806 55670
3432 55670
1804 55670
2570 55670
5507 55670
4233 55670
4089 55670
1126 55670
4744 55670
152 55670
3383 55670
1426 55670
2214 55670
5436 55670
5440 55670
2126 55670
3948 55670
4619 55670
1437 55670
4643 55670
463 55670
3260 55670
2723 55670
1105 55670
5271 55670
4385 55670
1329 55670
4780 55670
4086 55670
5450 55670
2310 55670
5371 55670
3037 55670
4176 55670
1514 55670
3584 55670
2031 55670
4262 55670
1134 55670
2124 55670
2094 55670
4961 55670
2222 55670
4699 55670
4293 55670
2433 55670
4325 55670
1725 55670
5433 55670
1738 55670
4624 55670
4394 55670
2069 55670
1312 55670
3926 55670
5077 55670
5414 55670
1610 55670
813 55670
3846 55670
3058 55670
3876 55670
3985 55670
2383 55670
3670 55670
701 55670
1610 55670
4851 55670
3653 55670
2352 55670
1765 55670
200 55670
1803 55670
4717 55670
286 55670
5456 55670
4744 55670
630 55670
1533 55670
2483 55670
4868 55670
3399 55670
3748 55670
60 55670
3277 55670
1581 55670
5310 55670
2124 55670
1324 55670
1896 55670
5307 55670
2689 55670
3284 55670
3117 55670
4066 55670
2187 55670
951 55670
2012 55670
436 55670
2003 55670
5520 55670
4226 55670
834 55670
4544 55670
830 55670
1503 55670
392 55670
2789 55670
5244 55670
659 55670
3672 55670
2581 55670
3902 55670
4792 55670
2135 55670
3521 55670
282 55670
5085 55670
4000 55670
1008 55670
405 55670
3134 55670
4436 55670
2206 55670
3995 55670
1063 55670
1181 55670
2193 55670
3706 55670
1587 55670
3683 55670
3399 55670
2758 55670
550 55670
2449 55670
1491 55670
1803 55670
1384 55670
451 55670
256 55670
1924 55670
2016 55670
2696 55670
354 55670
1097 55670
2146 55670
2520 55670
4214 55670
628 55670
4203 55670
4057 55670
3664 55670
221 55670
2002 55670
804 55670
588 55670
1310 55670
3567 55670
2283 55670
311 55670
4636 55670
327 55670
168 55670
4600 55670
4776 55670
4910 55670
4399 55670
4595 55670
222 55670
762 55670
4325 55670
1488 55670
4991 55670
5111 55670
4447 55670
557 55670
45 55670
2838 55670
896 55670
4310 55670
577 55670
1104 55670
4393 55670
2802 55670
2199 55670
3375 55670
384 55670
4327 55670
5388 55670
2552 55670
3724 55670
5517 55670
1727 55670
1716 55670
129 55670
3764 55670
1845 55670
4454 55670
470 55670
756 55670
2988 55670
1360 55670
4463 55670
914 55670
3989 55670
719 55670
2044 55670
1384 55670
1191 55670
1864 55670
1292 55670
3062 55670
399 55670
4845 55670
1373 55670
1272 55670
5201 55670
3202 55670
2750 55670
548 55670
3051 55670
2090 55670
5238 55670
4337 55670
4308 55670
3219 55670
3996 55670
904 55670
397 55670
2998 55670
1252 55670
1600 55670
4636 55670
2716 55670
1085 55670
4027 55670
4530 55670
1399 55670
1757 55670
532 55670
4103 55670
3832 55670
2199 55670
4662 55670
3690 55670
5403 55670
4097 55670
3561 55670
669 55670
2718 55670
3972 55670
1361 55670
2764 55670
2605 55670
662 55670
489 55670
4622 55670
2767 55670
2262 55670
1584 55670
4992 55670
5324 55670
2853 55670
2157 55670
1761 55670
4050 55670
1522 55670
4138 55670
337 55670
4276 55670
5351 55670
1233 55670
4555 55670
91 55670
1332 55670
4935 55670
828 55670
5315 55670
3479 55670
2673 55670
4513 55670
3141 55670
4300 55670
223 55670
1661 55670
3369 55670
1431 55670
3585 55670
770 55670
4970 55670
820 55670
593 55670
1197 55670
3062 55670
2244 55670
2084 55670
4625 55670
2695 55670
2406 55670
162 55670
1848 55670
3246 55670
301 55670
1433 55670
2673 55670
906 55670
2908 55670
2874 55670
1838 55670
4252 55670
1575 55670
741 55670
3727 55670
5028 55670
785 55670
4631 55670
889 55670
1382 55670
1308 55670
5561 55670
1385 55670
2944 55670
2397 55670
3868 55670
4961 55670
3786 55670
1055 55670
2638 55670
130 55670
3082 55670
5024 55670
4584 55670
5493 55670
2572 55670
948 55670
686 55670
1199 55670
5399 55670
2654 55670
3300 55670
1723 55670
750 55670
477 55670
5294 55670
3222 55670
4822 55670
424 55670
4061 55670
5275 55670
4886 55670
1365 55670
4026 55670
2407 55670
1630 55670
3028 55670
4843 55670
4183 55670
1959 55670
4452 55670
3000 55670
5531 55670
255 55670
4866 55670
4040 55670
851 55670
2965 55670
4400 55670
3552 55670
4055 55670
1771 55670
2279 55670
697 55670
2111 55670
3288 55670
5379 55670
836 55670
4012 55670
3465 55670
876 55670
52 55670
5294 55670
4979 55670
3214 55670
837 55670
313 55670
3215 55670
1389 55670
3484 55670
4301 55670
4493 55670
2962 55670
1623 55670
4153 55670
2451 55670
4760 55670
4489 55670
3254 55670
4084 55670
1296 55670
336 55670
2998 55670
1934 55670
1893 55670
54 55670
2092 55670
3513 55670
2043 55670
891 55670
127 55670
3392 55670
3579 55670
1540 55670
646 55670
3204 55670
447 55670
4587 55670
1522 55670
5567 55670
1841 55670
2816 55670
71 55670
3417 55670
3632 55670
3781 55670
3120 55670
3076 55670
1654 55670
3435 55670
143 55670
3015 55670
2347 55670
5072 55670
723 55670
490 55670
2860 55670
4231 55670
1802 55670
515 55670
4123 55670
4662 55670
3636 55670
542 55670
2256 55670
5324 55670
2783 55670
4026 55670
2542 55670
1166 55670
3034 55670
1299 55670
2696 55670
4294 55670
5346 55670
5401 55670
1272 55670
3312 55670
2136 55670
4629 55670
5564 55670
4525 55670
4892 55670
2341 55670
945 55670
602 55670
633 55670
3078 55670
5165 55670
1032 55670
2085 55670
1013 55670
831 55670
2696 55670
345 55670
5092 55670
1613 55670
3120 55670
4767 55670
1578 55670
2174 55670
2897 55670
5118 55670
4908 55670
5515 55670
5130 55670
2275 55670
3123 55670
2634 55670
3806 55670
3046 55670
1054 55670
1812 55670
1068 55670
5106 55670
2195 55670
2560 55670
5557 55670
5498 55670
4560 55670
3005 55670
2948 55670
168 55670
553 55670
4057 55670
3514 55670
2121 55670
3930 55670
910 55670
416 55670
2074 55670
5462 55670
2133 55670
4478 55670
2517 55670
716 55670
3064 55670
5232 55670
1903 55670
3768 55670
4575 55670
5230 55670
1754 55670
532 55670
757 55670
4149 55670
1292 55670
2935 55670
4966 55670
960 55670
788 55670
1868 55670
810 55670
4818 55670
2788 55670
840 55670
2469 55670
3961 55670
5133 55670
2356 55670
911 55670
4191 55670
2715 55670
3363 55670
1140 55670
1763 55670
1468 55670
3513 55670
3937 55670
4989 55670
3518 55670
3990 55670
1802 55670
112 55670
2347 55670
2727 55670
1139 55670
5460 55670
645 55670
1438 55670
5312 55670
4749 55670
2302 55670
1225 55670
3193 55670
5130 55670
1946 55670
2600 55670
3670 55670
585 55670
2913 55670
1443 55670
4662 55670
3376 55670
2325 55670
2561 55670
2445 55670
4319 55670
4435 55670
3152 55670
3926 55670
4242 55670
4001 55670
5090 55670
5024 55670
289 55670
3418 55670
1892 55670
801 55670
3289 55670
4512 55670
665 55670
5326 55670
1607 55670
2695 55670
1726 55670
2944 55670
2396 55670
2713 55670
4520 55670
5327 55670
11 55670
4274 55670
4464 55670
4905 55670
3670 55670
3506 55670
710 55670
3749 55670
2930 55670
2547 55670
2968 55670
526 55670
2339 55670
2752 55670
4183 55670
3834 55670
4464 55670
1566 55670
3085 55670
1017 55670
224 55670
5520 55670
3259 55670
4288 55670
3353 55670
3011 55670
2229 55670
1588 55670
2246 55670
3594 55670
2322 55670
2789 55670
5439 55670
2314 55670
2993 55670
5182 55670
3324 55670
1885 55670
4307 55670
1635 55670
2911 55670
581 55670
3653 55670
1874 55670
1978 55670
4495 55670
2799 55670
3253 55670
1542 55670
4400 55670
1065 55670
5486 55670
1317 55670
3139 55670
3447 55670
3187 55670
4890 55670
3664 55670
1406 55670
1041 55670
909 55670
5418 55670
2723 55670
1848 55670
4141 55670
4270 55670
2430 55670
1762 55670
1463 55670
4840 55670
1841 55670
1170 55670
1697 55670
4137 55670
2539 55670
4221 55670
617 55670
4889 55670
2646 55670
811 55670
2887 55670
4160 55670
1437 55670
1230 55670
2989 55670
1016 55670
697 55670
3728 55670
4754 55670
3231 55670
2947 55670
5171 55670
4730 55670
2374 55670
1132 55670
4066 55670
432 55670
1503 55670
4051 55670
240 55670
4274 55670
1774 55670
4479 55670
5099 55670
5534 55670
5390 55670
3421 55670
1948 55670
4957 55670
2127 55670
5240 55670
4540 55670
1019 55670
5275 55670
4246 55670
4278 55670
5544 55670
91 55670
3720 55670
2553 55670
3423 55670
2071 55670
5105 55670
1595 55670
507 55670
2751 55670
2082 55670
3586 55670
3237 55670
3641 55670
2015 55670
4867 55670
3873 55670
4181 55670
2314 55670
3448 55670
1278 55670
2485 55670
1705 55670
780 55670
5536 55670
2390 55670
2989 55670
621 55670
4739 55670
2573 55670
5387 55670
912 55670
4564 55670
3454 55670
3995 55670
2518 55670
2323 55670
1558 55670
1250 55670
671 55670
300 55670
1003 55670
4506 55670
1682 55670
4659 55670
335 55670
1597 55670
340 55670
4074 55670
2942 55670
598 55670
3244 55670
366 55670
1380 55670
1571 55670
2832 55670
581 55670
2894 55670
4231 55670
4234 55670
998 55670
2234 55670
3550 55670
4226 55670
1837 55670
3332 55670
2531 55670
5353 55670
3545 55670
2246 55670
4253 55670
4720 55670
4382 55670
5390 55670
2094 55670
4103 55670
793 55670
1157 55670
4380 55670
5173 55670
4718 55670
3082 55670
1680 55670
2312 55670
2807 55670
4771 55670
1802 55670
1797 55670
4745 55670
4700 55670
3412 55670
3136 55670
5043 55670
4018 55670
1844 55670
4504 55670
4295 55670
411 55670
3660 55670
64 55670
2751 55670
128 55670
1965 55670
640 55670
1279 55670
3451 55670
4045 55670
4366 55670
3048 55670
5111 55670
4174 55670
1356 55670
1536 55670
4346 55670
5527 55670
3831 55670
4715 55670
4997 55670
3617 55670
5557 55670
4182 55670
1754 55670
2195 55670
3915 55670
1103 55670
2301 55670
2976 55670
1384 55670
894 55670
5179 55670
2307 55670
4601 55670
2871 55670
2566 55670
2874 55670
3551 55670
3730 55670
1884 55670
3592 55670
3335 55670
4728 55670
3178 55670
4764 55670
2119 55670
2460 55670
5285 55670
2907 55670
3956 55670
3820 55670
4433 55670
4547 55670
3654 55670
5456 55670
4105 55670
1239 55670
1383 55670
5244 55670
3574 55670
4593 55670
3304 55670
5158 55670
1723 55670
2811 55670
3746 55670
4367 55670
3228 55670
498 55670
1526 55670
4586 55670
4906 55670
1936 55670
4998 55670
4055 55670
4826 55670
865 55670
37 55670
1055 55670
1726 55670
2908 55670
2663 55670
3553 55670
524 55670
4940 55670
2173 55670
2113 55670
2991 55670
1006 55670
4434 55670
3161 55670
3612 55670
1725 55670
3254 55670
879 55670
4379 55670
355 55670
3229 55670
1798 55670
126 55670
3538 55670
600 55670
2583 55670
2905 55670
444 55670
4120 55670
934 55670
836 55670
3548 55670
909 55670
1236 55670
382 55670
1194 55670
3233 55670
2834 55670
5200 55670
1128 55670
4189 55670
3822 55670
5034 55670
1032 55670
3340 55670
3485 55670
95 55670
432 55670
4667 55670
722 55670
3257 55670
4129 55670
2642 55670
5318 55670
2199 55670
242 55670
2324 55670
82 55670
3799 55670
847 55670
814 55670
3481 55670
1268 55670
1910 55670
3314 55670
886 55670
2283 55670
2963 55670
843 55670
2670 55670
1327 55670
4900 55670
4709 55670
3175 55670
3831 55670
2246 55670
3824 55670
3288 55670
1806 55670
930 55670
3300 55670
1594 55670
1262 55670
411 55670
5005 55670
3920 55670
3726 55670
2150 55670
402 55670
3542 55670
4817 55670
4348 55670
3681 55670
3636 55670
472 55670
509 55670
812 55670
1522 55670
2130 55670
2952 55670
483 55670
3370 55670
2292 55670
4810 55670
3013 55670
133 55670
739 55670
807 55670
2019 55670
5376 55670
1175 55670
3997 55670
155 55670
2834 55670
2922 55670
1587 55670
4825 55670
5348 55670
2644 55670
5281 55670
5110 55670
3390 55670
2061 55670
172 55670
806 55670
2040 55670
298 55670
5004 55670
1460 55670
3775 55670
2489 55670
5521 55670
2485 55670
1031 55670
5364 55670
2953 55670
3892 55670
659 55670
442 55670
5502 55670
4114 55670
4265 55670
179 55670
334 55670
3708 55670
3755 55670
1637 55670
3413 55670
2217 55670
1419 55670
658 55670
4655 55670
618 55670
2669 55670
1615 55670
1081 55670
2313 55670
43 55670
1215 55670
5168 55670
5523 55670
1022 55670
2534 55670
3450 55670
1046 55670
4499 55670
4710 55670
3988 55670
4371 55670
1858 55670
4731 55670
1618 55670
3754 55670
5006 55670
3075 55670
5362 55670
3432 55670
2359 55670
5251 55670
620 55670
2844 55670
168 55670
873 55670
2785 55670
717 55670
1133 55670
3051 55670
4659 55670
2145 55670
3941 55670
4174 55670
419 55670
2288 55670
3474 55670
3017 55670
3738 55670
3645 55670
3317 55670
3533 55670
5232 55670
2911 55670
4128 55670
1282 55670
1631 55670
2787 55670
4117 55670
1475 55670
4469 55670
1744 55670
1204 55670
902 55670
524 55670
4319 55670
4534 55670
2110 55670
965 55670
2730 55670
5414 55670
3783 55670
2909 55670
2520 55670
3434 55670
3729 55670
3228 55670
2446 55670
3440 55670
1541 55670
3364 55670
3275 55670
311 55670
961 55670
2574 55670
1839 55670
5437 55670
1633 55670
2094 55670
5275 55670
314 55670
3334 55670
2115 55670
141 55670
4598 55670
4989 55670
3012 55670
2460 55670
249 55670
69 55670
4847 55670
5242 55670
2999 55670
2966 55670
930 55670
524 55670
4883 55670
2520 55670
5107 55670
4720 55670
5379 55670
4267 55670
4572 55670
3881 55670
4579 55670
2075 55670
3591 55670
4046 55670
1830 55670
1585 55670
2891 55670
1738 55670
3700 55670
1371 55670
2388 55670
1809 55670
135 55670
5022 55670
4970 55670
1696 55670
5019 55670
3311 55670
4294 55670
5102 55670
2007 55670
1051 55670
963 55670
4838 55670
252 55670
70 55670
5506 55670
4837 55670
3425 55670
251 55670
3097 55670
2280 55670
4491 55670
4364 55670
586 55670
1508 55670
489 55670
5224 55670
4120 55670
3848 55670
3909 55670
4745 55670
1268 55670
4959 55670
3777 55670
2991 55670
2627 55670
4893 55670
764 55670
2502 55670
3059 55670
1676 55670
5342 55670
469 55670
1297 55670
434 55670
3706 55670
4524 55670
1361 55670
1833 55670
1292 55670
1916 55670
2261 55670
939 55670
402 55670
2108 55670
2921 55670
4743 55670
586 55670
4324 55670
1697 55670
2559 55670
4368 55670
2543 55670
3165 55670
3034 55670
1367 55670
1582 55670
1662 55670
4387 55670
1432 55670
3259 55670
2446 55670
2518 55670
3118 55670
2649 55670
3767 55670
120 55670
2193 55670
3766 55670
4772 55670
5284 55670
1653 55670
1934 55670
4857 55670
3113 55670
4982 55670
2808 55670
974 55670
2627 55670
4334 55670
4376 55670
3689 55670
571 55670
4892 55670
3406 55670
1041 55670
2403 55670
3195 55670
3743 55670
560 55670
3204 55670
5394 55670
2873 55670
3504 55670
363 55670
678 55670
275 55670
1402 55670
2415 55670
2917 55670
4823 55670
2150 55670
2122 55670
1466 55670
5563 55670
2623 55670
3038 55670
1378 55670
4288 55670
3578 55670
358 55670
1558 55670
790 55670
4780 55670
3685 55670
2232 55670
3822 55670
70 55670
1893 55670
1711 55670
4598 55670
2822 55670
4517 55670
2412 55670
2287 55670
57 55670
2413 55670
3276 55670
2308 55670
1879 55670
2353 55670
4404 55670
3963 55670
2021 55670
4782 55670
5479 55670
2496 55670
314 55670
4668 55670
154 55670
4185 55670
1767 55670
2862 55670
5272 55670
3002 55670
4370 55670
1164 55670
3696 55670
3151 55670
3150 55670
1615 55670
3913 55670
3529 55670
1027 55670
2422 55670
1752 55670
2429 55670
3109 55670
4032 55670
3667 55670
2131 55670
1253 55670
3411 55670
589 55670
569 55670
4397 55670
4534 55670
1765 55670
4704 55670
2860 55670
5010 55670
3637 55670
3600 55670
2632 55670
1726 55670
1267 55670
936 55670
2621 55670
2939 55670
3075 55670
2418 55670
1163 55670
2383 55670
1615 55670
1190 55670
4116 55670
4556 55670
238 55670
1098 55670
124 55670
4639 55670
2150 55670
4948 55670
4353 55670
1187 55670
1298 55670
4804 55670
460 55670
859 55670
3137 55670
5322 55670
2679 55670
4909 55670
2370 55670
4559 55670
4301 55670
4922 55670
3638 55670
4429 55670
4356 55670
5322 55670
4691 55670
3585 55670
609 55670
2696 55670
923 55670
903 55670
2232 55670
5291 55670
3986 55670
2566 55670
2346 55670
4642 55670
654 55670
574 55670
1286 55670
2831 55670
2622 55670
3296 55670
3027 55670
4712 55670
3913 55670
758 55670
3593 55670
2914 55670
2500 55670
203 55670
1831 55670
2996 55670
2779 55670
5229 55670
4936 55670
2209 55670
4379 55670
2957 55670
3664 55670
3524 55670
3186 55670
322 55670
2498 55670
4261 55670
883 55670
2010 55670
3739 55670
2933 55670
1782 55670
486 55670
3861 55670
876 55670
367 55670
4510 55670
3668 55670
1510 55670
2219 55670
2497 55670
539 55670
1882 55670
3389 55670
1870 55670
4368 55670
246 55670
2868 55670
1731 55670
4463 55670
1569 55670
4174 55670
4330 55670
4016 55670
3560 55670
3143 55670
3118 55670
2718 55670
2837 55670
3323 55670
5401 55670
1678 55670
440 55670
1848 55670
1178 55670
2512 55670
3308 55670
3256 55670
1129 55670
3382 55670
106 55670
649 55670
2373 55670
391 55670
1640 55670
4348 55670
3571 55670
4855 55670
475 55670
3916 55670
5181 55670
4397 55670
3017 55670
2728 55670
4828 55670
4305 55670
4801 55670
325 55670
3790 55670
4550 55670
2164 55670
1334 55670
4827 55670
5216 55670
2795 55670
1385 55670
3199 55670
801 55670
35 55670
265 55670
5108 55670
1963 55670
1690 55670
1418 55670
739 55670
3076 55670
4770 55670
4108 55670
502 55670
3763 55670
2792 55670
1175 55670
5361 55670
4374 55670
975 55670
2425 55670
1375 55670
2592 55670
4410 55670
4014 55670
5449 55670
219 55670
1402 55670
3112 55670
3554 55670
670 55670
4190 55670
4504 55670
4859 55670
4849 55670
116 55670
4084 55670
3828 55670
25 55670
3893 55670
3290 55670
1031 55670
2857 55670
3306 55670
2071 55670
2747 55670
5373 55670
57 55670
823 55670
5355 55670
652 55670
5112 55670
2432 55670
4619 55670
4817 55670
5269 55670
1150 55670
3783 55670
3165 55670
5445 55670
549 55670
3447 55670
3992 55670
2399 55670
3889 55670
2653 55670
3129 55670
4748 55670
4344 55670
3488 55670
4478 55670
3868 55670
3922 55670
1801 55670
4643 55670
2225 55670
4302 55670
3281 55670
4646 55670
3012 55670
34 55670
2980 55670
3333 55670
891 55670
3694 55670
3437 55670
5303 55670
399 55670
4860 55670
647 55670
1612 55670
3559 55670
1751 55670
1847 55670
4686 55670
4835 55670
2690 55670
3353 55670
2142 55670
3602 55670
4093 55670
607 55670
945 55670
5221 55670
939 55670
1907 55670
4210 55670
1671 55670
2208 55670
4525 55670
2807 55670
4821 55670
472 55670
1423 55670
4585 55670
617 55670
4232 55670
4673 55670
5531 55670
884 55670
98 55670
4491 55670
3727 55670
172 55670
1847 55670
2732 55670
656 55670
55 55670
2327 55670
4779 55670
1973 55670
5492 55670
4353 55670
1284 55670
4395 55670
690 55670
2693 55670
967 55670
3510 55670
2257 55670
3569 55670
5482 55670
2445 55670
823 55670
2484 55670
3850 55670
900 55670
2829 55670
540 55670
5040 55670
712 55670
1594 55670
3078 55670
5294 55670
4737 55670
1848 55670
2444 55670
2434 55670
5033 55670
1828 55670
4329 55670
4142 55670
4923 55670
386 55670
5515 55670
2564 55670
20 55670
5102 55670
2188 55670
5155 55670
20 55670
5134 55670
3197 55670
5086 55670
728 55670
2348 55670
2495 55670
190 55670
2324 55670
5047 55670
3735 55670
3970 55670
1671 55670
2322 55670
1540 55670
687 55670
1081 55670
1757 55670
5555 55670
2411 55670
1396 55670
1244 55670
1151 55670
172 55670
3046 55670
1218 55670
2732 55670
3742 55670
4162 55670
3732 55670
3444 55670
4996 55670
2406 55670
2009 55670
1236 55670
4147 55670
4649 55670
4257 55670
2294 55670
4745 55670
5118 55670
2024 55670
3317 55670
2156 55670
3996 55670
3085 55670
2473 55670
1868 55670
2473 55670
2742 55670
464 55670
4075 55670
4447 55670
3079 55670
4927 55670
1984 55670
387 55670
2231 55670
1940 55670
4390 55670
2441 55670
5544 55670
5458 55670
2998 55670
3456 55670
3807 55670
4796 55670
1199 55670
549 55670
3624 55670
2005 55670
5424 55670
1783 55670
4870 55670
1944 55670
1826 55670
31 55670
2504 55670
4685 55670
20 55670
106 55670
924 55670
1612 55670
1784 55670
1870 55670
3108 55670
3183 55670
5041 55670
3826 55670
855 55670
2467 55670
2322 55670
3257 55670
3456 55670
2495 55670
2682 55670
2774 55670
2972 55670
1198 55670
2017 55670
2331 55670
150 55670
3560 55670
2646 55670
3965 55670
5322 55670
1653 55670
1096 55670
2373 55670
5019 55670
195 55670
5202 55670
3474 55670
5089 55670
2833 55670
3210 55670
4398 55670
2845 55670
2981 55670
5246 55670
4463 55670
5544 55670
2548 55670
3192 55670
56 55670
4219 55670
2512 55670
954 55670
1930 55670
560 55670
2012 55670
2095 55670
4864 55670
4270 55670
2598 55670
1391 55670
1117 55670
5343 55670
175 55670
3016 55670
1082 55670
1519 55670
991 55670
5049 55670
2946 55670
5418 55670
1547 55670
1271 55670
1317 55670
4159 55670
3921 55670
3143 55670
2389 55670
869 55670
3621 55670
3832 55670
1022 55670
3767 55670
2254 55670
403 55670
4329 55670
60 55670
2198 55670
2189 55670
4606 55670
2900 55670
4066 55670
164 55670
1128 55670
1185 55670
2651 55670
2659 55670
2534 55670
1155 55670
1842 55670
5457 55670
5113 55670
4213 55670
2318 55670
729 55670
4918 55670
2050 55670
5141 55670
5341 55670
980 55670
4225 55670
1446 55670
2773 55670
5476 55670
935 55670
956 55670
89 55670
5115 55670
3283 55670
608 55670
957 55670
3111 55670
2148 55670
691 55670
4425 55670
1653 55670
772 55670
4397 55670
4813 55670
679 55670
1527 55670
2042 55670
3174 55670
1389 55670
4494 55670
2636 55670
728 55670
3928 55670
600 55670
267 55670
1761 55670
2538 55670
5017 55670
4851 55670
1143 55670
5480 55670
4899 55670
5324 55670
1279 55670
1130 55670
1915 55670
1127 55670
1680 55670
3252 55670
5144 55670
1735 55670
3172 55670
4908 55670
1110 55670
2354 55670
1889 55670
394 55670
1956 55670
1461 55670
2333 55670
4478 55670
4091 55670
1321 55670
562 55670
218 55670
3561 55670
4778 55670
3960 55670
4825 55670
478 55670
2793 55670
4916 55670
3586 55670
4374 55670
9 55670
3108 55670
5385 55670
2258 55670
2873 55670
1181 55670
694 55670
2777 55670
3642 55670
1758 55670
1710 55670
5548 55670
4600 55670
3160 55670
3935 55670
873 55670
841 55670
598 55670
4386 55670
5099 55670
3411 55670
2516 55670
3189 55670
5046 55670
4197 55670
2936 55670
1206 55670
312 55670
3284 55670
3896 55670
3173 55670
3330 55670
4219 55670
2406 55670
2255 55670
2463 55670
385 55670
5240 55670
2439 55670
3610 55670
3690 55670
2445 55670
4932 55670
2869 55670
3963 55670
5338 55670
1436 55670
3316 55670
2499 55670
4163 55670
2091 55670
2586 55670
3772 55670
4822 55670
2448 55670
2749 55670
1577 55670
5464 55670
118 55670
4628 55670
1698 55670
3383 55670
5233 55670
4260 55670
4587 55670
1350 55670
1649 55670
4623 55670
4968 55670
1535 55670
4476 55670
2417 55670
4948 55670
2465 55670
2815 55670
4616 55670
3658 55670
3117 55670
1297 55670
5487 55670
2400 55670
4729 55670
3980 55670
4940 55670
3133 55670
5228 55670
3966 55670
3565 55670
2126 55670
3883 55670
5289 55670
4924 55670
834 55670
1135 55670
2018 55670
3485 55670
3362 55670
3936 55670
5206 55670
2890 55670
5255 55670
2548 55670
2362 55670
2470 55670
1007 55670
4899 55670
4755 55670
1843 55670
1161 55670
925 55670
2806 55670
3066 55670
2528 55670
3413 55670
214 55670
2672 55670
3284 55670
4592 55670
198 55670
37 55670
3318 55670
2971 55670
3623 55670
3564 55670
998 55670
3432 55670
4370 55670
5442 55670
3403 55670
1231 55670
4021 55670
2292 55670
3554 55670
2853 55670
3849 55670
427 55670
2258 55670
5143 55670
3682 55670
568 55670
3100 55670
3954 55670
401 55670
3231 55670
1547 55670
626 55670
531 55670
2775 55670
5272 55670
3307 55670
686 55670
2888 55670
4866 55670
4294 55670
1075 55670
3131 55670
4332 55670
508 55670
3081 55670
4006 55670
3670 55670
99 55670
5284 55670
453 55670
670 55670
709 55670
5228 55670
5336 55670
1532 55670
714 55670
1092 55670
1212 55670
833 55670
2323 55670
3192 55670
710 55670
5391 55670
3229 55670
1417 55670
2263 55670
2913 55670
4479 55670
4304 55670
2571 55670
478 55670
2873 55670
4863 55670
4727 55670
3538 55670
1778 55670
5545 55670
3494 55670
1030 55670
380 55670
2572 55670
2268 55670
3349 55670
226 55670
3162 55670
88 55670
1551 55670
2943 55670
2515 55670
2013 55670
4622 55670
421 55670
4012 55670
3175 55670
2805 55670
2960 55670
1667 55670
3029 55670
1878 55670
308 55670
1521 55670
847 55670
4394 55670
1652 55670
4666 55670
601 55670
5190 55670
3791 55670
2671 55670
1884 55670
423 55670
3020 55670
5541 55670
313 55670
2509 55670
2363 55670
4318 55670
2571 55670
2470 55670
5525 55670
55 55670
761 55670
4882 55670
2087 55670
1421 55670
2932 55670
981 55670
4971 55670
1903 55670
541 55670
3639 55670
3911 55670
3848 55670
1005 55670
2872 55670
54 55670
2559 55670
1378 55670
3101 55670
4897 55670
1866 55670
1835 55670
381 55670
1536 55670
1993 55670
2166 55670
451 55670
189 55670
4726 55670
519 55670
5458 55670
428 55670
4689 55670
2057 55670
5269 55670
2214 55670
1384 55670
5452 55670
759 55670
1783 55670
2270 55670
551 55670
5497 55670
4753 55670
2970 55670
4421 55670
1316 55670
3044 55670
4388 55670
3698 55670
1959 55670
1128 55670
5431 55670
2841 55670
1206 55670
4412 55670
1780 55670
3931 55670
1172 55670
4099 55670
3859 55670
4737 55670
3271 55670
3347 55670
2785 55670
3916 55670
2859 55670
3556 55670
4829 55670
4383 55670
4228 55670
3942 55670
3660 55670
5451 55670
892 55670
3405 55670
4670 55670
4357 55670
2522 55670
2200 55670
1348 55670
3257 55670
1063 55670
2401 55670
3114 55670
791 55670
5482 55670
5516 55670
2508 55670
2838 55670
1549 55670
319 55670
984 55670
4063 55670
4547 55670
2019 55670
4546 55670
5 55670
4257 55670
3669 55670
1357 55670
4615 55670
4663 55670
4844 55670
5433 55670
474 55670
524 55670
3104 55670
3203 55670
484 55670
29 55670
3547 55670
5513 55670
2352 55670
389 55670
4779 55670
383 55670
3015 55670
3860 55670
2120 55670
2141 55670
2875 55670
4424 55670
5210 55670
784 55670
5279 55670
364 55670
3122 55670
4545 55670
3286 55670
4700 55670
4414 55670
4059 55670
2296 55670
5192 55670
509 55670
216 55670
5468 55670
2568 55670
4433 55670
2972 55670
1898 55670
1834 55670
2419 55670
3700 55670
3481 55670
2633 55670
2348 55670
5227 55670
1211 55670
2266 55670
2088 55670
3876 55670
4855 55670
4834 55670
1962 55670
32 55670
1045 55670
4350 55670
412 55670
1335 55670
3051 55670
1691 55670
563 55670
3248 55670
3937 55670
4530 55670
3465 55670
180 55670
1449 55670
4207 55670
2724 55670
2741 55670
3839 55670
2703 55670
5044 55670
1350 55670
1212 55670
93 55670
2125 55670
4586 55670
4325 55670
4253 55670
4122 55670
2710 55670
4918 55670
1149 55670
3323 55670
1313 55670
884 55670
4619 55670
1260 55670
623 55670
3440 55670
5284 55670
5094 55670
1530 55670
20 55670
507 55670
2383 55670
1880 55670
2301 55670
4845 55670
2389 55670
2689 55670
77 55670
1368 55670
5443 55670
1543 55670
440 55670
4351 55670
3297 55670
3818 55670
3830 55670
5193 55670
3011 55670
3417 55670
2269 55670
840 55670
1021 55670
98 55670
740 55670
3472 55670
3454 55670
4969 55670
4008 55670
1596 55670
1800 55670
2789 55670
2944 55670
4010 55670
1655 55670
3434 55670
2290 55670
4052 55670
1009 55670
3181 55670
3350 55670
98 55670
3834 55670
2866 55670
986 55670
5051 55670
5345 55670
2847 55670
158 55670
843 55670
884 55670
1206 55670
1757 55670
5257 55670
1576 55670
4512 55670
1691 55670
3897 55670
1844 55670
3271 55670
1127 55670
3350 55670
3800 55670
4663 55670
2957 55670
3504 55670
5254 55670
221 55670
4400 55670
4208 55670
2780 55670
3068 55670
3233 55670
2164 55670
3631 55670
3378 55670
1395 55670
1133 55670
564 55670
3584 55670
1206 55670
2831 55670
662 55670
70 55670
697 55670
940 55670
2901 55670
115 55670
3141 55670
4417 55670
919 55670
3697 55670
4426 55670
1940 55670
530 55670
677 55670
4778 55670
362 55670
4294 55670
405 55670
180 55670
634 55670
3088 55670
4684 55670
4065 55670
5167 55670
1232 55670
5032 55670
295 55670
550 55670
4662 55670
294 55670
205 55670
4784 55670
2124 55670
1656 55670
2004 55670
5382 55670
4076 55670
3487 55670
3504 55670
3029 55670
816 55670
2561 55670
1633 55670
2972 55670
2072 55670
71 55670
4958 55670
4509 55670
5514 55670
1553 55670
3924 55670
4777 55670
1337 55670
478 55670
3518 55670
1744 55670
1470 55670
914 55670
5149 55670
4868 55670
357 55670
1664 55670
1961 55670
2300 55670
2240 55670
1592 55670
2954 55670
1804 55670
4536 55670
4602 55670
1258 55670
4555 55670
2817 55670
3565 55670
4825 55670
1787 55670
5538 55670
2664 55670
2830 55670
1573 55670
983 55670
1138 55670
2740 55670
3698 55670
2957 55670
4194 55670
1246 55670
2412 55670
4120 55670
4197 55670
1009 55670
727 55670
4905 55670
2910 55670
3824 55670
2709 55670
855 55670
910 55670
4522 55670
5302 55670
1773 55670
1596 55670
2580 55670
4816 55670
2152 55670
2245 55670
1597 55670
4139 55670
1832 55670
4140 55670
1436 55670
4893 55670
2862 55670
3619 55670
2578 55670
4765 55670
2752 55670
2840 55670
272 55670
896 55670
3269 55670
3318 55670
1582 55670
4573 55670
1107 55670
3500 55670
2162 55670
3606 55670
795 55670
2311 55670
2746 55670
3194 55670
3340 55670
2997 55670
2554 55670
3769 55670
2503 55670
591 55670
1145 55670
1929 55670
3780 55670
3567 55670
3724 55670
870 55670
3261 55670
3362 55670
160 55670
1408 55670
4757 55670
4846 55670
3767 55670
3036 55670
39 55670
2521 55670
4261 55670
1169 55670
5348 55670
583 55670
772 55670
1229 55670
104 55670
3246 55670
3315 55670
3762 55670
1225 55670
1983 55670
1560 55670
3428 55670
4116 55670
516 55670
2565 55670
753 55670
4154 55670
4623 55670
3826 55670
2164 55670
2610 55670
4192 55670
2230 55670
3900 55670
898 55670
613 55670
804 55670
5093 55670
5459 55670
3199 55670
5027 55670
272 55670
3023 55670
4009 55670
2914 55670
2946 55670
3750 55670
3616 55670
4994 55670
1602 55670
3301 55670
3820 55670
5029 55670
4495 55670
4425 55670
5112 55670
3813 55670
2969 55670
182 55670
285 55670
3055 55670
3051 55670
2535 55670
2688 55670
1821 55670
21 55670
1976 55670
4696 55670
2658 55670
4093 55670
1221 55670
3135 55670
4493 55670
4037 55670
5250 55670
5505 55670
3022 55670
5012 55670
5125 55670
5252 55670
4158 55670
4234 55670
1282 55670
3041 55670
2457 55670
925 55670
2940 55670
878 55670
2332 55670
2010 55670
2442 55670
2486 55670
2670 55670
5451 55670
1798 55670
4643 55670
2577 55670
4256 55670
2143 55670
1004 55670
4335 55670
444 55670
3723 55670
4610 55670
1707 55670
236 55670
2999 55670
1780 55670
123 55670
64 55670
4534 55670
44 55670
3487 55670
4175 55670
1500 55670
2396 55670
4842 55670
5276 55670
1895 55670
3484 55670
3106 55670
3221 55670
5215 55670
1676 55670
4398 55670
4992 55670
1917 55670
3682 55670
4806 55670
3200 55670
5203 55670
2044 55670
602 55670
1907 55670
3806 55670
1569 55670
2316 55670
655 55670
1957 55670
1732 55670
1805 55670
2926 55670
1663 55670
1292 55670
3330 55670
2678 55670
2254 55670
5178 55670
4208 55670
3086 55670
2378 55670
2564 55670
2650 55670
1089 55670
5548 55670
865 55670
5015 55670
4280 55670
2566 55670
3050 55670
5533 55670
1029 55670
2616 55670
2809 55670
5458 55670
4741 55670
3756 55670
4696 55670
2691 55670
3180 55670
4076 55670
5494 55670
3305 55670
105 55670
5248 55670
3934 55670
4353 55670
1864 55670
3336 55670
3697 55670
471 55670
965 55670
79 55670
2799 55670
3613 55670
3176 55670
5493 55670
1116 55670
2780 55670
3534 55670
2110 55670
2106 55670
2334 55670
3336 55670
4113 55670
4367 55670
5373 55670
4280 55670
896 55670
390 55670
5225 55670
2101 55670
2139 55670
550 55670
2172 55670
5115 55670
3718 55670
648 55670
4397 55670
1625 55670
3183 55670
2997 55670
1226 55670
609 55670
3221 55670
2102 55670
2298 55670
197 55670
5154 55670
4827 55670
2564 55670
1510 55670
1498 55670
2237 55670
3876 55670
1006 55670
5323 55670
2216 55670
3447 55670
839 55670
1557 55670
5017 55670
4877 55670
3762 55670
3695 55670
3956 55670
5130 55670
180 55670
5359 55670
4691 55670
4013 55670
2894 55670
5169 55670
2486 55670
101 55670
1884 55670
3999 55670
4286 55670
2018 55670
5507 55670
973 55670
5177 55670
4832 55670
2634 55670
5509 55670
2723 55670
2924 55670
5458 55670
2894 55670
3310 55670
3435 55670
3426 55670
5301 55670
646 55670
2359 55670
2934 55670
5518 55670
4905 55670
68 55670
1574 55670
4767 55670
1699 55670
2081 55670
2384 55670
1701 55670
1175 55670
4094 55670
2473 55670
4479 55670
10 55670
4741 55670
73 55670
3221 55670
1642 55670
1381 55670
1033 55670
2983 55670
438 55670
2056 55670
5508 55670
1722 55670
4362 55670
3451 55670
4074 55670
5423 55670
1369 55670
2497 55670
1456 55670
4154 55670
4478 55670
1784 55670
3849 55670
410 55670
1998 55670
315 55670
3956 55670
790 55670
2284 55670
5056 55670
4338 55670
345 55670
4979 55670
2619 55670
4031 55670
5002 55670
2210 55670
3922 55670
3721 55670
248 55670
1228 55670
3128 55670
335 55670
102 55670
3629 55670
4447 55670
5539 55670
3577 55670
5369 55670
1288 55670
2871 55670
5547 55670
2980 55670
1042 55670
401 55670
2322 55670
5154 55670
2283 55670
1535 55670
3578 55670
3012 55670
3034 55670
4984 55670
3405 55670
445 55670
4088 55670
886 55670
563 55670
137 55670
469 55670
628 55670
5467 55670
409 55670
1174 55670
2301 55670
314 55670
4944 55670
3767 55670
2125 55670
1314 55670
1767 55670
1355 55670
4940 55670
5292 55670
4559 55670
3348 55670
4023 55670
872 55670
901 55670
1845 55670
2268 55670
1721 55670
3240 55670
3740 55670
2562 55670
3404 55670
358 55670
188 55670
4410 55670
277 55670
3409 55670
4059 55670
79 55670
4030 55670
2447 55670
5218 55670
3504 55670
4094 55670
2329 55670
2012 55670
2790 55670
4690 55670
2342 55670
1652 55670
2525 55670
57 55670
1024 55670
2229 55670
1213 55670
5383 55670
5340 55670
543 55670
1876 55670
2187 55670
110 55670
1263 55670
1782 55670
4821 55670
2998 55670
4081 55670
570 55670
321 55670
420 55670
431 55670
2015 55670
3028 55670
751 55670
5062 55670
1413 55670
4567 55670
1351 55670
2157 55670
3950 55670
2726 55670
2315 55670
1334 55670
3112 55670
2213 55670
5242 55670
635 55670
624 55670
1211 55670
2703 55670
1737 55670
121 55670
3373 55670
997 55670
74 55670
1372 55670
4061 55670
1774 55670
2042 55670
2520 55670
3887 55670
1329 55670
4921 55670
352 55670
1062 55670
4571 55670
2642 55670
1269 55670
1634 55670
409 55670
2683 55670
4506 55670
937 55670
4307 55670
1068 55670
4967 55670
1189 55670
1645 55670
416 55670
1106 55670
522 55670
2011 55670
272 55670
1346 55670
3280 55670
3613 55670
4572 55670
1572 55670
4302 55670
3958 55670
4872 55670
2492 55670
1821 55670
4338 55670
1604 55670
4751 55670
1023 55670
3024 55670
2209 55670
3200 55670
3858 55670
3619 55670
1531 55670
538 55670
972 55670
1106 55670
21 55670
769 55670
3205 55670
1812 55670
453 55670
4668 55670
5492 55670
2770 55670
1964 55670
5356 55670
4949 55670
4154 55670
4069 55670
2216 55670
4658 55670
3053 55670
2389 55670
4254 55670
4399 55670
2569 55670
2532 55670
759 55670
4832 55670
2324 55670
1665 55670
257 55670
3255 55670
5261 55670
4574 55670
4533 55670
701 55670
511 55670
3574 55670
3115 55670
734 55670
1689 55670
5088 55670
1192 55670
3711 55670
1053 55670
3362 55670
4157 55670
3455 55670
3845 55670
1230 55670
3861 55670
299 55670
5018 55670
4606 55670
1749 55670
417 55670
1811 55670
1355 55670
5328 55670
4252 55670
2609 55670
3161 55670
4135 55670
2783 55670
4548 55670
3996 55670
374 55670
419 55670
334 55670
3428 55670
3571 55670
3254 55670
1516 55670
552 55670
1842 55670
3128 55670
4585 55670
3383 55670
544 55670
4338 55670
2345 55670
3403 55670
4795 55670
3581 55670
4316 55670
2682 55670
3020 55670
5436 55670
449 55670
1283 55670
5222 55670
2212 55670
603 55670
2863 55670
3928 55670
3972 55670
2135 55670
1159 55670
1099 55670
1963 55670
3915 55670
5469 55670
2748 55670
3637 55670
189 55670
3222 55670
4802 55670
5122 55670
3195 55670
2022 55670
5089 55670
5563 55670
3272 55670
755 55670
1364 55670
1953 55670
5096 55670
4380 55670
4927 55670
5472 55670
5104 55670
431 55670
2991 55670
1911 55670
137 55670
5476 55670
2093 55670
4618 55670
2096 55670
5206 55670
3560 55670
4208 55670
1181 55670
5364 55670
3205 55670
1128 55670
563 55670
4815 55670
1542 55670
5211 55670
2825 55670
2375 55670
495 55670
186 55670
2268 55670
4824 55670
4717 55670
1084 55670
4220 55670
1910 55670
1620 55670
69 55670
2330 55670
1208 55670
1512 55670
4323 55670
1441 55670
4725 55670
291 55670
3300 55670
205 55670
3857 55670
3755 55670
723 55670
1292 55670
5302 55670
1140 55670
565 55670
2422 55670
547 55670
3661 55670
3741 55670
3736 55670
2508 55670
1015 55670
4320 55670
2795 55670
3876 55670
5285 55670
1125 55670
2702 55670
4959 55670
3966 55670
2782 55670
5031 55670
225 55670
3669 55670
394 55670
71 55670
3599 55670
4180 55670
2304 55670
432 55670
126 55670
682 55670
2197 55670
3148 55670
4959 55670
1544 55670
3405 55670
973 55670
1866 55670
802 55670
4214 55670
633 55670
1958 55670
2331 55670
3955 55670
3648 55670
648 55670
802 55670
2144 55670
2168 55670
4270 55670
4747 55670
2453 55670
1207 55670
2528 55670
2049 55670
617 55670
1154 55670
1926 55670
2306 55670
3983 55670
5432 55670
2450 55670
2945 55670
3389 55670
3864 55670
991 55670
1933 55670
4233 55670
3233 55670
620 55670
103 55670
2395 55670
1545 55670
212 55670
3407 55670
5275 55670
4295 55670
4975 55670
1183 55670
4520 55670
2623 55670
1296 55670
4425 55670
5431 55670
4456 55670
5107 55670
1718 55670
3550 55670
5028 55670
2583 55670
124 55670
3874 55670
4447 55670
3826 55670
3813 55670
3882 55670
3761 55670
3160 55670
2873 55670
180 55670
3505 55670
4055 55670
2691 55670
3955 55670
1269 55670
5017 55670
4299 55670
1282 55670
4340 55670
4278 55670
3357 55670
1189 55670
3240 55670
2943 55670
5106 55670
41 55670
576 55670
3736 55670
1603 55670
5416 55670
4132 55670
5302 55670
3660 55670
3776 55670
1595 55670
2752 55670
549 55670
1973 55670
3760 55670
5371 55670
2469 55670
774 55670
1675 55670
1781 55670
4368 55670
1620 55670
1965 55670
3530 55670
3409 55670
224 55670
5262 55670
2123 55670
2388 55670
5069 55670
1178 55670
3878 55670
4716 55670
2161 55670
1330 55670
5138 55670
1041 55670
4101 55670
3584 55670
798 55670
1537 55670
4164 55670
5035 55670
2513 55670
2549 55670
171 55670
4622 55670
5107 55670
868 55670
64 55670
3376 55670
3366 55670
5166 55670
5156 55670
1697 55670
2343 55670
2446 55670
5503 55670
1657 55670
4807 55670
2197 55670
99 55670
1193 55670
492 55670
4640 55670
5296 55670
4531 55670
2335 55670
464 55670
1744 55670
1084 55670
865 55670
2760 55670
913 55670
983 55670
789 55670
2864 55670
5469 55670
3827 55670
3853 55670
1987 55670
818 55670
